0 0.341886 0.623540 0.116166 0.676799
0 0.635978 0.489860 0.057809 0.556682
0 0.698036 0.480140 0.045900 0.547383
0 0.856416 0.397231 0.075931 0.291893
0 0.977786 0.383271 0.044429 0.692056
0 0.037019 0.161192 0.071972 0.200514
0 0.135618 0.166262 0.096901 0.153131
0 0.240728 0.162033 0.067997 0.087150
0 0.448130 0.123119 0.096322 0.132827
0 0.047825 0.547815 0.095274 0.569369
0 0.137034 0.477605 0.112754 0.486472
0 0.238466 0.321507 0.086698 0.248715
0 0.335368 0.234369 0.068576 0.091355
0 0.412715 0.228026 0.066870 0.095584
0 0.462864 0.581250 0.115023 0.641285
0 0.552684 0.570666 0.083865 0.652266
